time centre_of_gravity(x) centre_of_gravity(y) centre_of_gravity(z) centre_of_gravity(velocity(x)) centre_of_gravity(velocity(y)) centre_of_gravity(velocity(z)) centre_of_gravity(abs(pickup)) momentum ankle(velocity) knee(velocity) waist(velocity) body(angle) body(x) body(y) body(z) peg(angle) peg(x) peg(y) peg(z) shin(angle) shin(x) shin(y) shin(z) thigh(angle) thigh(x) thigh(y) thigh(z) ankle(angle) ankle(x) ankle(y) ankle(z) knee(angle) knee(x) knee(y) knee(z) waist(angle) waist(x) waist(y) waist(z) 
0	-0.0690672 0 1.4468	0 0 -2	0	0	0 0 0 81	-0.0711049 0 1.8648		310	0 0 0		70	-0.0109131 0 0.34983		116	-0.100757 0 0.944271	120	-0.0964181 0 0.114907	134	0.0745919 0 0.584753	145	-0.188431 0 1.12403	
0.001	-0.0690672 0 1.44479	0 0 -2.01	10	0	-1425.6 0 0 80.9626	-0.0709958 0 1.86265		311.388	0.00172079 0 0.000241643		69.9626	-0.0117942 0 0.347646		115.963	-0.101249 0 0.942145	118.574	-0.0974527 0 0.112779	134	0.0738644 0 0.582513	145	-0.188806 0 1.12196	
0.002	-0.0690672 0 1.44278	0 0 -2.02	10	3.55271e-15	-1396.8 0 0 80.9265	-0.0708906 0 1.8605		312.749	0.00337069 0 0.000489672		69.9265	-0.0126412 0 0.345453		115.927	-0.101722 0 0.940009	117.178	-0.0984474 0 0.11064	134	0.073165 0 0.580267	145	-0.189166 0 1.11988	
0.003	-0.0690672 0 1.44075	2.77556e-14 0 -2.03	10	4.44089e-15	-1368 0 0 80.8919	-0.0707891 0 1.85833		314.082	0.00495094 0 0.000739154		69.8919	-0.0134548 0 0.343252		115.892	-0.102177 0 0.937861	115.81	-0.0994028 0 0.10849	134	0.0724932 0 0.578013	145	-0.189512 0 1.11778	
0.004	-0.0690672 0 1.43872	5.55112e-14 0 -2.04	10	-1.77636e-15	-1339.2 0 0 80.8587	-0.0706915 0 1.85615		315.388	0.00646287 0 0.000985348		69.8587	-0.0142355 0 0.341042		115.859	-0.102613 0 0.935702	114.47	-0.10032 0 0.10633	134	0.0718486 0 0.575753	145	-0.189844 0 1.11568	
0.005	-0.0690672 0 1.43667	8.32667e-14 0 -2.05	10	2.66454e-15	-1310.4 0 0 80.8269	-0.0705975 0 1.85396		316.667	0.00790788 0 0.0012237		69.8269	-0.014984 0 0.338823		115.827	-0.103031 0 0.933533	113.16	-0.101199 0 0.10416	134	0.0712306 0 0.573487	145	-0.190161 0 1.11356	
0.006	-0.0690672 0 1.43462	5.55112e-14 0 -2.06	10	2.66454e-15	-1281.6 0 0 80.7963	-0.0705071 0 1.85177		317.918	0.00928746 0 0.00144985		69.7963	-0.0157008 0 0.336597		115.796	-0.103431 0 0.931353	111.878	-0.10204 0 0.101979	134	0.0706387 0 0.571214	145	-0.190465 0 1.11142	
0.007	-0.0690672 0 1.43255	2.77556e-14 0 -2.07	10	-4.44089e-15	-1252.8 0 0 80.7671	-0.0704203 0 1.84956		319.142	0.0106032 0 0.00165961		69.7671	-0.0163868 0 0.334362		115.767	-0.103813 0 0.929163	110.626	-0.102846 0 0.0997886	134	0.0700724 0 0.568936	145	-0.190756 0 1.10928	
0.008	-0.0690672 0 1.43048	0 0 -2.08	10	2.66454e-15	-1224 0 0 80.7392	-0.070337 0 1.84734		320.338	0.0118566 0 0.00184898		69.7392	-0.0170426 0 0.33212		115.739	-0.104179 0 0.926964	109.402	-0.103616 0 0.0975885	134	0.0695311 0 0.566651	145	-0.191034 0 1.10712	
0.009	-0.0690672 0 1.42839	0 0 -2.09	10	-5.32907e-15	-1195.2 0 0 80.7125	-0.0702571 0 1.84512		321.506	0.0130493 0 0.00201415		69.7125	-0.0176689 0 0.32987		115.712	-0.104528 0 0.924754	108.206	-0.104352 0 0.0953789	134	0.0690141 0 0.564361	145	-0.191299 0 1.10495	
0.01	-0.0690672 0 1.4263	0 0 -2.1	10	3.55271e-15	-1166.4 0 0 80.687	-0.0701805 0 1.84288		322.647	0.0141831 0 0.00215148		69.687	-0.0182665 0 0.327613		115.687	-0.104861 0 0.922535	107.04	-0.105054 0 0.0931601	134	0.0685208 0 0.562065	145	-0.191552 0 1.10277	
0.011	-0.0690672 0 1.42419	5.55112e-14 0 -2.11	10	-5.32907e-15	-1137.6 0 0 80.6627	-0.0701071 0 1.84064		323.76	0.0152597 0 0.00225751		69.6627	-0.0188362 0 0.325348		115.663	-0.105178 0 0.920307	105.902	-0.105723 0 0.0909323	134	0.0680506 0 0.559764	145	-0.191792 0 1.10058	
0.012	-0.0690672 0 1.42208	5.55112e-14 0 -2.12	10	6.21725e-15	-1108.8 0 0 80.6395	-0.070037 0 1.83839		324.846	0.0162807 0 0.00232894		69.6395	-0.0193787 0 0.323076		115.639	-0.10548 0 0.91807	104.794	-0.10636 0 0.0886956	134	0.0676028 0 0.557457	145	-0.192021 0 1.09838	
0.013	-0.0690672 0 1.41995	8.32667e-14 0 -2.13	10	1.77636e-15	-1080 0 0 80.6174	-0.0699699 0 1.83613		325.904	0.0172481 0 0.00236265		69.6174	-0.0198949 0 0.320797		115.617	-0.105767 0 0.915825	103.714	-0.106967 0 0.0864502	134	0.0671768 0 0.555144	145	-0.192239 0 1.09616	
0.014	-0.0690672 0 1.41782	5.55112e-14 0 -2.14	10	6.21725e-15	-1051.2 0 0 80.5965	-0.0699058 0 1.83386		326.934	0.0181635 0 0.00235567		69.5965	-0.0203855 0 0.318511		115.596	-0.10604 0 0.91357	102.662	-0.107543 0 0.0841963	134	0.066772 0 0.552826	145	-0.192446 0 1.09394	
0.015	-0.0690672 0 1.41567	5.55112e-14 0 -2.15	10	4.44089e-15	-1022.4 -2.84217e-11 0 80.5765	-0.0698446 0 1.83159		327.937	0.0190287 0 0.00230521		69.5765	-0.0208514 0 0.316219		115.577	-0.106299 0 0.911307	101.64	-0.10809 0 0.081934	134	0.0663876 0 0.550504	145	-0.192642 0 1.09171	
0.016	-0.0690672 0 1.41352	5.55112e-14 0 -2.16	10	-6.21725e-15	-993.6 2.84217e-11 0 80.5576	-0.0697863 0 1.8293		328.911	0.0198456 0 0.00220861		69.5576	-0.0212933 0 0.313919		115.558	-0.106544 0 0.909036	100.646	-0.10861 0 0.0796635	134	0.066023 0 0.548175	145	-0.192828 0 1.08947	
0.017	-0.0690672 0 1.41135	5.55112e-14 0 -2.17	10	-8.88178e-16	-964.8 0 0 80.5397	-0.0697307 0 1.82701		329.858	0.0206159 0 0.00206337		69.5397	-0.0217121 0 0.311614		115.54	-0.106777 0 0.906757	99.6816	-0.109102 0 0.0773849	134	0.0656775 0 0.545842	145	-0.193004 0 1.08721	
0.018	-0.0690672 0 1.40918	5.55112e-14 0 -2.18	10	2.66454e-15	-936 0 0 80.5227	-0.0696779 0 1.82472		330.777	0.0213414 0 0.00186714		69.5227	-0.0221086 0 0.309301		115.523	-0.106997 0 0.90447	98.7456	-0.109568 0 0.0750984	134	0.0653505 0 0.543504	145	-0.193171 0 1.08495	
0.019	-0.0690672 0 1.40699	8.32667e-14 0 -2.19	10	1.77636e-15	-907.2 0 0 80.5066	-0.0696276 0 1.82241		331.668	0.0220238 0 0.00161769		69.5066	-0.0224835 0 0.306982		115.507	-0.107205 0 0.902175	97.8384	-0.110008 0 0.0728042	134	0.0650413 0 0.54116	145	-0.193328 0 1.08268	
0.02	-0.0690672 0 1.4048	1.11022e-13 0 -2.2	10	2.66454e-15	-878.4 0 0 80.4914	-0.0695798 0 1.8201		332.531	0.022665 0 0.00131296		69.4914	-0.0228376 0 0.304657		115.491	-0.107401 0 0.899872	96.96	-0.110425 0 0.0705023	134	0.0647493 0 0.538812	145	-0.193476 0 1.0804	
0.021	-0.0690672 0 1.40259	1.11022e-13 0 -2.21	10	-5.32907e-15	-849.6 0 0 80.4771	-0.0695344 0 1.81778		333.367	0.0232667 0 0.000950977		69.4771	-0.0231718 0 0.302326		115.477	-0.107586 0 0.897562	96.1104	-0.110817 0 0.0681929	134	0.0644737 0 0.536459	145	-0.193616 0 1.07811	
0.022	-0.0690672 0 1.40038	8.32667e-14 0 -2.22	10	2.66454e-15	-820.8 0 0 80.4635	-0.0694914 0 1.81545		334.174	0.0238305 0 0.000529921		69.4635	-0.0234868 0 0.299988		115.464	-0.107761 0 0.895244	95.2896	-0.111188 0 0.065876	134	0.0642141 0 0.534101	145	-0.193748 0 1.07582	
0.023	-0.0690672 0 1.39815	1.11022e-13 0 -2.23	10	8.88178e-16	-792 0 0 80.4508	-0.0694507 0 1.81312		334.953	0.0243581 0 4.80834e-05		69.4508	-0.0237833 0 0.297645		115.451	-0.107925 0 0.892919	94.4976	-0.111536 0 0.0635519	134	0.0639697 0 0.531737	145	-0.193872 0 1.07351	
0.024	-0.0686148 0 1.39644	0.904644 0 -1.18704	1380.63	-64.3873	-763.2 0 0 80.4202	-0.0688255 0 1.8113		335.686	0.0248512 0 -9.71445e-17		69.4202	-0.0239663 0 0.295807		115.42	-0.10779 0 0.891126	93.7344	-0.111844 0 0.061761	134	0.0639115 0 0.529853	145	-0.193641 0 1.07176	
0.025	-0.0677102 0 1.39525	0.904644 0 -1.19704	10	0	-734.4 0 0 80.409	-0.0678848 0 1.81001		336.409	0.0262177 0 0.000444817		69.409	-0.0233225 0 0.294504		115.409	-0.10703 0 0.88984	93	-0.111246 0 0.0604756	134	0.0646011 0 0.528533	145	-0.192845 0 1.07049	
0.026	-0.0668056 0 1.39405	0.904644 0 -1.20704	10	6.21725e-15	-705.6 0 0 80.3988	-0.0669482 0 1.80871		337.104	0.0275596 0 0.000824849		69.3988	-0.0226571 0 0.293196		115.399	-0.106258 0 0.888547	92.2944	-0.110623 0 0.0591829	134	0.0653084 0 0.527209	145	-0.192041 0 1.06922	
0.027	-0.0659009 0 1.39284	0.904644 0 -1.21704	10	-8.88178e-16	-676.8 0 0 80.3892	-0.0660136 0 1.8074		337.772	0.0288716 0 0.00113836		69.3892	-0.0219762 0 0.291882		115.389	-0.105477 0 0.887246	91.6176	-0.109981 0 0.0578834	134	0.0660285 0 0.52588	145	-0.19123 0 1.06793	
0.028	-0.0649963 0 1.39162	0.904644 0 -1.22704	10	-5.32907e-15	-648 0 0 80.3802	-0.0650808 0 1.80609		338.411	0.0301551 0 0.00138417		69.3802	-0.0212803 0 0.290562		115.38	-0.104688 0 0.885939	90.9696	-0.109322 0 0.056577	134	0.0667609 0 0.524546	145	-0.190413 0 1.06664	
0.029	-0.0640916 0 1.39038	0.904644 0 -1.23704	10	8.88178e-15	-619.2 0 0 80.3719	-0.0641499 0 1.80477		339.021	0.0314117 0 0.00156117		69.3719	-0.0205701 0 0.289236		115.372	-0.103891 0 0.884626	90.3504	-0.108645 0 0.0552639	134	0.0675052 0 0.523207	145	-0.18959 0 1.06533	
0.03	-0.063187 0 1.38914	0.904644 0 -1.24704	10	7.99361e-15	-590.4 0 0 80.3641	-0.0632208 0 1.80344		339.604	0.0326428 0 0.00166835		69.3641	-0.0198463 0 0.287904		115.364	-0.103087 0 0.883305	89.76	-0.107953 0 0.0539441	134	0.0682607 0 0.521864	145	-0.188761 0 1.06403	
0.031	-0.0622823 0 1.38789	0.904644 0 -1.25704	10	8.88178e-16	-561.6 0 0 80.3569	-0.0622934 0 1.80211		340.159	0.0338495 0 0.00170477		69.3569	-0.0191094 0 0.286566		115.357	-0.102275 0 0.881978	89.1984	-0.107246 0 0.0526177	134	0.0690271 0 0.520515	145	-0.187926 0 1.06271	
0.032	-0.0613777 0 1.38663	0.904644 0 -1.26704	10	7.10543e-15	-532.8 0 0 80.3502	-0.0613677 0 1.80077		340.685	0.0350333 0 0.00166956		69.3502	-0.0183599 0 0.285223		115.35	-0.101456 0 0.880644	88.6656	-0.106524 0 0.0512847	134	0.0698037 0 0.519161	145	-0.187087 0 1.06139	
0.033	-0.060473 0 1.38536	0.904644 0 -1.27704	10	-4.44089e-15	-504 0 0 80.3441	-0.0604436 0 1.79943		341.182	0.0361953 0 0.00156194		69.3441	-0.0175986 0 0.283874		115.344	-0.100631 0 0.879304	88.1616	-0.105787 0 0.0499452	134	0.0705902 0 0.517803	145	-0.186242 0 1.06006	
0.034	-0.0595684 0 1.38407	0.904644 0 -1.28704	10	3.55271e-15	-475.2 0 0 80.3384	-0.059521 0 1.79808		341.652	0.0373367 0 0.00138118		69.3384	-0.0168258 0 0.28252		115.338	-0.0997995 0 0.877958	87.6864	-0.105038 0 0.0485993	134	0.0713861 0 0.51644	145	-0.185392 0 1.05872	
0.035	-0.0586638 0 1.38278	0.904644 0 -1.29704	10	0	-446.4 0 0 80.3332	-0.0585999 0 1.79672		342.093	0.0384585 0 0.00112662		69.3332	-0.0160421 0 0.281159		115.333	-0.0989618 0 0.876605	87.24	-0.104275 0 0.047247	134	0.072191 0 0.515071	145	-0.184538 0 1.05737	
0.036	-0.0577591 0 1.38148	0.904644 0 -1.30704	10	3.55271e-15	-417.6 0 0 80.3285	-0.0576803 0 1.79536		342.506	0.0395619 0 0.000797673		69.3285	-0.0152479 0 0.279793		115.328	-0.0981184 0 0.875246	86.8224	-0.1035 0 0.0458884	134	0.0730045 0 0.513698	145	-0.18368 0 1.05602	
0.037	-0.0568545 0 1.38017	0.904644 0 -1.31704	10	7.10543e-15	-388.8 0 0 80.3242	-0.056762 0 1.79399		342.891	0.0406479 0 0.000393782		69.3242	-0.0144438 0 0.278422		115.324	-0.0972694 0 0.873881	86.4336	-0.102714 0 0.0445234	134	0.0738263 0 0.51232	145	-0.182817 0 1.05466	
0.038	-0.054931 0 1.379	2.94234 0 -1.01128	2060.51	-67.2363	-360 0 0 80.2776	-0.0545182 0 1.79278		343.204	0.0417093 0 1.11022e-16		69.2776	-0.0134315 0 0.277171		115.278	-0.0957732 0 0.872697	86.0736	-0.101892 0 0.0433447	134	0.0750286 0 0.510998	145	-0.181174 0 1.05355	
0.039	-0.0547487 0 1.37825	-2.57782 0 -0.495651	5544.19	-66.6449	-331.2 0 2.84217e-11 80.2603	-0.0542254 0 1.79197		343.518	0.0417093 0 6.245e-17		69.2603	-0.0135963 0 0.276357		115.26	-0.0957582 0 0.871908	85.7424	-0.102127 0 0.0425573	134	0.0749344 0 0.510157	145	-0.181105 0 1.05278	
0.04	-0.0573265 0 1.37775	-2.57782 0 -0.505651	10	2.66454e-15	-302.4 0 -2.84217e-11 80.2568	-0.0567908 0 1.79143		343.817	0.0392567 0 0.000209118		69.2568	-0.0162546 0 0.27581		115.257	-0.09838 0 0.871366	85.44	-0.1048 0 0.0420156	134	0.0722904 0 0.509604	145	-0.183715 0 1.05225	
0.041	-0.0599044 0 1.37724	-2.57782 0 -0.515651	10	1.77636e-15	-273.6 0 0 80.2533	-0.0593548 0 1.79088		344.087	0.0367811 0 0.000341015		69.2533	-0.0189113 0 0.275257		115.253	-0.101 0 0.870818	85.1664	-0.107471 0 0.0414679	134	0.069648 0 0.509046	145	-0.186324 0 1.0517	
0.042	-0.0624822 0 1.37672	-2.57782 0 -0.525651	10	-2.66454e-15	-244.8 0 0 80.2501	-0.0619199 0 1.79032		344.329	0.0342919 0 0.00039599		69.2501	-0.0215599 0 0.274698		115.25	-0.103616 0 0.870264	84.9216	-0.110132 0 0.0409141	134	0.0670123 0 0.508482	145	-0.18893 0 1.05115	
0.043	-0.06506 0 1.37619	-2.57782 0 -0.535651	10	-1.77636e-15	-216 0 0 80.2473	-0.0644863 0 1.78976		344.542	0.0317897 0 0.00037377		69.2473	-0.0242004 0 0.274134		115.247	-0.106227 0 0.869704	84.7056	-0.112784 0 0.0403542	134	0.0643832 0 0.507914	145	-0.191533 0 1.0506	
0.044	-0.0676378 0 1.37565	-2.57782 0 -0.545651	10	2.66454e-15	-187.2 0 0 80.2449	-0.0670539 0 1.78919		344.726	0.029275 0 0.000274119		69.2449	-0.0268332 0 0.273564		115.245	-0.108835 0 0.869137	84.5184	-0.115427 0 0.0397882	134	0.0617605 0 0.50734	145	-0.194132 0 1.05004	
0.045	-0.0702156 0 1.3751	-2.57782 0 -0.555651	10	-7.10543e-15	-158.4 0 0 80.2427	-0.0696225 0 1.78862		344.883	0.0267482 0 9.68394e-05		69.2427	-0.0294585 0 0.272989		115.243	-0.111438 0 0.868565	84.36	-0.118061 0 0.0392162	134	0.0591439 0 0.506761	145	-0.196728 0 1.04947	
0.046	-0.0753274 0 1.37451	-7.64579 0 -0.612985	5068.29	-66.8904	-129.6 0 2.84217e-11 80.347	-0.0754917 0 1.78801		345.117	0.0242201 0 4.16334e-17		69.347	-0.0325705 0 0.272461		115.347	-0.115633 0 0.867888	84.2304	-0.120747 0 0.038528	134	0.0556065 0 0.506395	145	-0.201253 0 1.04863	
0.047	-0.0757319 0 1.37425	6.83692 0 0.0828737	14499.4	-68.6761	-100.8 0 -2.84217e-11 80.3612	-0.0760026 0 1.78773		345.232	0.0242201 0 6.93889e-17		69.3612	-0.0327056 0 0.272192		115.361	-0.115916 0 0.867598	84.1296	-0.120825 0 0.0382369	134	0.0554134 0 0.506147	145	-0.20158 0 1.04832	
0.048	-0.068895 0 1.37432	6.83692 0 0.0728737	10	4.44089e-15	-72 0 0 80.3604	-0.0691626 0 1.7878		345.303	0.0310828 0 0.0002482		69.3604	-0.0258869 0 0.272259		115.36	-0.109089 0 0.867666	84.0576	-0.114009 0 0.0383049	134	0.0622354 0 0.506213	145	-0.194751 0 1.04839	
0.049	-0.062058 0 1.37439	6.83692 0 0.0628737	10	-4.44089e-15	-43.2 0 0 80.3597	-0.0623223 0 1.78786		345.345	0.0379297 0 0.000417899		69.3597	-0.0190653 0 0.27232		115.36	-0.10226 0 0.867728	84.0144	-0.10719 0 0.038367	134	0.0690599 0 0.506273	145	-0.18792 0 1.04846	
0.05	-0.0552211 0 1.37445	6.83692 0 0.0528737	10	2.66454e-15	-14.4 0 0 80.3592	-0.055483 0 1.78792		345.359	0.0447659 0 0.000509423		69.3592	-0.0122368 0 0.272375		115.359	-0.0954269 0 0.867784	84	-0.100364 0 0.0384231	134	0.0758901 0 0.506328	145	-0.181085 0 1.04851	
0.051	-0.0483842 0 1.3745	6.83692 0 0.0428737	10	5.32907e-15	8.42977 0 0 80.3591	-0.0486445 0 1.78797		345.351	0.0515936 0 0.000536895		69.3591	-0.00540269 0 0.272424		115.359	-0.0885912 0 0.867833	84.0084	-0.0935302 0 0.0384723	134	0.0827248 0 0.506376	145	-0.174249 0 1.04856	
0.052	-0.0415473 0 1.37454	6.83692 0 0.0328737	10	1.77636e-15	25.1436 0 -2.84217e-11 80.3591	-0.0418067 0 1.78801		345.326	0.0584151 0 0.000514798		69.3591	0.00143542 0 0.272466		115.359	-0.0817532 0 0.867874	84.0336	-0.086692 0 0.0385139	134	0.0895629 0 0.506418	145	-0.167411 0 1.0486	
0.053	-0.0347104 0 1.37456	6.83692 0 0.0228737	10	0	41.639 0 2.84217e-11 80.3593	-0.0349696 0 1.78804		345.284	0.0652304 0 0.000443665		69.3593	0.00827753 0 0.2725		115.359	-0.074913 0 0.867908	84.0752	-0.0798492 0 0.0385477	134	0.0964042 0 0.506452	145	-0.160572 0 1.04864	
0.054	-0.0278735 0 1.37458	6.83692 0 0.0128737	10	0	57.916 0 0 80.3596	-0.028133 0 1.78807		345.227	0.0720396 0 0.000324038		69.3596	0.0151236 0 0.272527		115.36	-0.0680707 0 0.867934	84.1331	-0.0730016 0 0.0385738	134	0.103249 0 0.50648	145	-0.15373 0 1.04866	
0.055	-0.0210365 0 1.37459	6.83692 0 0.00287367	10	-1.77636e-15	73.9744 0 0 80.3602	-0.0212971 0 1.78809		345.153	0.0788427 0 0.000156465		69.3602	0.0219737 0 0.272546		115.36	-0.0612262 0 0.867953	84.2071	-0.0661494 0 0.0385921	134	0.110097 0 0.506499	145	-0.146888 0 1.04868	
0.056	-0.00745331 0 1.37512	20.3296 0 1.05572	13533.7	-68.9272	89.8143 0 0 80.08	-0.00568823 0 1.78863		344.783	0.0856457 0 -2.77556e-17		69.08	0.0301709 0 0.272891		115.08	-0.0501164 0 0.868698	84.2969	-0.0590951 0 0.0393711	134	0.119437 0 0.506411	145	-0.134893 0 1.04984	
0.057	0.0128763 0 1.37617	20.3296 0 1.04572	10	-1.77636e-15	105.436 0 0 80.08	0.0146457 0 1.78969		344.678	0.105906 0 0.000799845		69.08	0.0505043 0 0.273957		115.08	-0.0297827 0 0.869764	84.4024	-0.0387618 0 0.0404373	134	0.13977 0 0.507477	145	-0.114559 0 1.05091	
0.058	0.0332058 0 1.37721	20.3296 0 1.03572	10	0	120.839 0 0 80.0742	0.0350221 0 1.79075		344.551	0.126017 0 0.00154379		69.0742	0.0707268 0 0.275012		115.074	-0.00949977 0 0.870827	84.5232	-0.0185631 0 0.041501	134	0.160017 0 0.508523	145	-0.0942579 0 1.05198	
0.059	0.0535354 0 1.37824	20.3296 0 1.02572	10	6.21725e-15	136.023 0 0 80.0685	0.055398 0 1.7918		344.409	0.146121 0 0.00224214		69.0685	0.0909532 0 0.276059		115.069	0.0107854 0 0.871882	84.6592	0.00164033 0 0.0425567	134	0.180266 0 0.509561	145	-0.0739549 0 1.05304	
0.06	0.0738649 0 1.37926	20.3296 0 1.01572	10	-3.55271e-15	150.989 0 0 80.063	0.0757732 0 1.79285		344.253	0.166219 0 0.0028955		69.063	0.111184 0 0.277098		115.063	0.0310728 0 0.872928	84.8102	0.0218485 0 0.0436044	134	0.200519 0 0.510591	145	-0.0536502 0 1.0541	
0.061	0.0941945 0 1.38027	20.3296 0 1.00572	10	-4.44089e-15	165.737 0 0 80.0577	0.0961479 0 1.79388		344.082	0.18631 0 0.00350446		69.0577	0.131418 0 0.278129		115.058	0.0513624 0 0.873967	84.9759	0.0420615 0 0.0446442	134	0.220775 0 0.511615	145	-0.0333439 0 1.05514	
0.062	0.114524 0 1.38127	20.3296 0 0.995724	10	5.32907e-15	180.266 0 0 80.0526	0.116522 0 1.79491		343.896	0.206394 0 0.00406964		69.0526	0.151657 0 0.279153		115.053	0.0716543 0 0.874998	85.1562	0.0622793 0 0.0456759	134	0.241034 0 0.51263	145	-0.0130358 0 1.05618	
0.063	0.134854 0 1.38226	20.3296 0 0.985724	10	1.77636e-15	194.577 0 0 80.0477	0.136895 0 1.79593		343.697	0.22647 0 0.00459164		69.0477	0.1719 0 0.280169		115.048	0.0919485 0 0.876021	85.3508	0.082502 0 0.0466994	134	0.261297 0 0.513639	145	0.007274 0 1.05721	
0.064	0.155183 0 1.38324	20.3296 0 0.975724	10	-8.88178e-15	208.669 0 0 80.0429	0.157268 0 1.79694		343.483	0.24654 0 0.00507111		69.0429	0.192147 0 0.281177		115.043	0.112245 0 0.877036	85.5595	0.10273 0 0.0477149	134	0.281564 0 0.514639	145	0.0275855 0 1.05823	
0.065	0.175513 0 1.38422	20.3296 0 0.965724	10	3.55271e-15	222.542 2.84217e-11 0 80.0384	0.177641 0 1.79794		343.256	0.266603 0 0.00550867		69.0384	0.212398 0 0.282177		115.038	0.132544 0 0.878042	85.782	0.122962 0 0.0487222	134	0.301834 0 0.515632	145	0.0478988 0 1.05925	
0.066	0.195842 0 1.38518	20.3296 0 0.955724	10	-1.15463e-14	236.197 -2.84217e-11 0 80.034	0.198012 0 1.79893		343.016	0.286658 0 0.00590497		69.034	0.232654 0 0.283169		115.034	0.152845 0 0.87904	86.0182	0.1432 0 0.0497212	134	0.322107 0 0.516618	145	0.0682139 0 1.06025	
0.067	0.216172 0 1.38613	20.3296 0 0.945724	10	-1.06581e-14	249.634 0 0 80.0298	0.218383 0 1.79992		342.762	0.306705 0 0.00626065		69.0298	0.252914 0 0.284154		115.03	0.173149 0 0.880031	86.2678	0.163443 0 0.050712	134	0.342384 0 0.517595	145	0.0885308 0 1.06125	
0.068	0.236501 0 1.38707	20.3296 0 0.935724	10	-3.55271e-15	262.852 0 -2.84217e-11 80.0258	0.238754 0 1.8009		342.495	0.326745 0 0.00657636		69.0258	0.273178 0 0.28513		115.026	0.193455 0 0.881012	86.5307	0.183691 0 0.0516945	134	0.362665 0 0.518565	145	0.10885 0 1.06224	
0.069	0.256831 0 1.388	20.3296 0 0.925724	10	-1.77636e-15	275.852 0 0 80.0219	0.259123 0 1.80187		342.215	0.346776 0 0.00685279		69.0219	0.293447 0 0.286098		115.022	0.213763 0 0.881986	86.8065	0.203944 0 0.0526686	134	0.382949 0 0.519527	145	0.12917 0 1.06321	
0.07	0.277161 0 1.38892	20.3296 0 0.915724	10	9.76996e-15	288.633 0 2.84217e-11 80.0183	0.279493 0 1.80283		341.923	0.366799 0 0.00709059		69.0183	0.31372 0 0.287058		115.018	0.234074 0 0.882951	87.0952	0.224203 0 0.0536344	134	0.403238 0 0.520482	145	0.149493 0 1.06419	
0.071	0.29749 0 1.38983	20.3296 0 0.905724	10	-1.95399e-14	301.196 0 0 80.0149	0.299861 0 1.80379		341.619	0.386814 0 0.00729044		69.0149	0.333999 0 0.28801		115.015	0.254388 0 0.883908	87.3964	0.244467 0 0.0545917	134	0.42353 0 0.521429	145	0.169817 0 1.06515	
0.072	0.31782 0 1.39073	20.3296 0 0.895724	10	1.86517e-14	313.54 0 2.84217e-11 80.0117	0.320229 0 1.80473		341.302	0.40682 0 0.00745304		69.0117	0.354282 0 0.288954		115.012	0.274704 0 0.884856	87.7099	0.264737 0 0.0555405	134	0.443826 0 0.522367	145	0.190144 0 1.0661	
0.073	0.338149 0 1.39162	20.3296 0 0.885724	10	1.5099e-14	325.666 0 -2.84217e-11 80.0087	0.340596 0 1.80567		340.973	0.426818 0 0.00757908		69.0087	0.374569 0 0.289889		115.009	0.295024 0 0.885796	88.0356	0.285013 0 0.0564808	134	0.464126 0 0.523298	145	0.210472 0 1.06704	
0.074	0.358479 0 1.3925	20.3296 0 0.875724	10	1.77636e-15	337.573 0 0 80.0059	0.360963 0 1.8066		340.633	0.446806 0 0.00766925		69.0059	0.394862 0 0.290817		115.006	0.315345 0 0.886727	88.3731	0.305294 0 0.0574125	134	0.48443 0 0.524221	145	0.230803 0 1.06798	
0.075	0.378808 0 1.39337	20.3296 0 0.865724	10	1.06581e-14	349.262 0 0 80.0033	0.381329 0 1.80752		340.281	0.466785 0 0.00772427		69.0033	0.41516 0 0.291736		115.003	0.33567 0 0.887649	88.7224	0.325581 0 0.0583355	134	0.504738 0 0.525136	145	0.251136 0 1.06891	
0.076	0.399138 0 1.39423	20.3296 0 0.855724	10	-7.99361e-15	360.732 2.84217e-11 0 80.001	0.401694 0 1.80843		339.918	0.486755 0 0.00774485		69.001	0.435463 0 0.292647		115.001	0.355997 0 0.888563	89.0831	0.345874 0 0.0592499	134	0.525051 0 0.526043	145	0.27147 0 1.06982	
0.077	0.419468 0 1.39508	20.3296 0 0.845724	10	-2.30926e-14	371.984 -2.84217e-11 0 79.9988	0.422059 0 1.80934		339.544	0.506714 0 0.00773172		68.9988	0.45577 0 0.293549		114.999	0.376327 0 0.889469	89.4551	0.366174 0 0.0601556	134	0.545367 0 0.526942	145	0.291807 0 1.07073	
0.078	0.439797 0 1.39592	20.3296 0 0.835724	10	-2.66454e-14	383.017 0 0 79.9969	0.442423 0 1.81023		339.159	0.526664 0 0.0076856		68.9969	0.476084 0 0.294443		114.997	0.39666 0 0.890365	89.8381	0.386479 0 0.0610525	134	0.565688 0 0.527833	145	0.312147 0 1.07163	
0.079	0.460127 0 1.39676	20.3296 0 0.825724	10	7.10543e-15	393.832 0 0 79.9952	0.462786 0 1.81112		338.763	0.546604 0 0.00760723		68.9952	0.496402 0 0.295328		114.995	0.416996 0 0.891253	90.232	0.40679 0 0.0619406	134	0.586013 0 0.528716	145	0.332488 0 1.07252	
0.08	0.480456 0 1.39758	20.3296 0 0.815724	10	-1.68754e-14	404.429 0 0 79.9937	0.483148 0 1.81199		338.357	0.566534 0 0.00749736		68.9937	0.516726 0 0.296205		114.994	0.437336 0 0.892132	90.6364	0.427108 0 0.0628198	134	0.606343 0 0.52959	145	0.352832 0 1.0734	
0.081	0.500786 0 1.39839	20.3296 0 0.805724	10	2.30926e-14	414.806 -2.84217e-11 -2.84217e-11 79.9925	0.50351 0 1.81286		337.941	0.586453 0 0.00735673		68.9925	0.537055 0 0.297074		114.993	0.457678 0 0.893002	91.0512	0.447433 0 0.0636901	134	0.626678 0 0.530457	145	0.373178 0 1.07427	
0.082	0.521115 0 1.39919	20.3296 0 0.795724	10	-5.32907e-15	424.966 2.84217e-11 2.84217e-11 79.9915	0.523872 0 1.81372		337.515	0.606361 0 0.00718609		68.9915	0.55739 0 0.297933		114.992	0.478023 0 0.893863	91.4762	0.467763 0 0.0645515	134	0.647017 0 0.531315	145	0.393526 0 1.07514	
0.083	0.541445 0 1.39998	20.3296 0 0.785724	10	4.26326e-14	434.907 0 2.84217e-11 79.9908	0.544232 0 1.81458		337.08	0.626258 0 0.00698622		68.9908	0.577731 0 0.298784		114.991	0.498371 0 0.894715	91.9111	0.488101 0 0.0654038	134	0.66736 0 0.532165	145	0.413877 0 1.07599	
0.084	0.561774 0 1.40076	20.3296 0 0.775724	10	2.39808e-14	444.629 2.84217e-11 -2.84217e-11 79.9902	0.564592 0 1.81542		336.635	0.646144 0 0.00675787		68.9902	0.598077 0 0.299627		114.99	0.518723 0 0.895559	92.3557	0.508445 0 0.066247	134	0.687708 0 0.533007	145	0.43423 0 1.07683	
0.085	0.582104 0 1.40153	20.3296 0 0.765724	10	-3.01981e-14	454.133 -2.84217e-11 0 79.99	0.584951 0 1.81625		336.18	0.666019 0 0.00650182		68.99	0.618429 0 0.300461		114.99	0.539078 0 0.896393	92.8098	0.528796 0 0.0670812	134	0.708062 0 0.53384	145	0.454586 0 1.07767	
0.086	0.602434 0 1.40229	20.3296 0 0.755724	10	8.08242e-14	463.419 0 0 79.99	0.605309 0 1.81708		335.717	0.685882 0 0.00621885		68.99	0.638786 0 0.301286		114.99	0.559436 0 0.897218	93.2733	0.549154 0 0.0679062	134	0.728419 0 0.534665	145	0.474944 0 1.07849	
0.087	0.622763 0 1.40304	20.3296 0 0.745724	10	7.10543e-15	472.486 0 0 79.9902	0.625667 0 1.81789		335.244	0.705734 0 0.00590973		68.9902	0.65915 0 0.302102		114.99	0.579797 0 0.898033	93.7457	0.569518 0 0.0687219	134	0.748782 0 0.535481	145	0.495304 0 1.07931	
0.088	0.643093 0 1.40378	20.3296 0 0.735724	10	-8.9706e-14	481.334 0 0 79.9907	0.646024 0 1.8187		334.764	0.725573 0 0.00557526		68.9907	0.67952 0 0.302909		114.991	0.600162 0 0.89884	94.2271	0.58989 0 0.0695284	134	0.76915 0 0.536289	145	0.515668 0 1.08012	
0.089	0.663422 0 1.40451	20.3296 0 0.725724	10	2.22045e-14	489.964 0 0 79.9914	0.66638 0 1.8195		334.274	0.745401 0 0.00521622		68.9914	0.699896 0 0.303707		114.991	0.62053 0 0.899637	94.717	0.610269 0 0.0703256	134	0.789523 0 0.537089	145	0.536033 0 1.08091	
0.09	0.683752 0 1.40523	20.3296 0 0.715724	10	3.19744e-14	498.376 0 0 79.9924	0.686736 0 1.82029		333.777	0.765216 0 0.00483341		68.9924	0.720277 0 0.304497		114.992	0.640901 0 0.900425	95.2154	0.630654 0 0.0711134	134	0.8099 0 0.53788	145	0.556402 0 1.0817	
0.091	0.704081 0 1.40594	20.3296 0 0.705724	10	-5.9508e-14	506.569 0 -2.84217e-11 79.9936	0.707091 0 1.82107		333.272	0.78502 0 0.00442762		68.9936	0.740665 0 0.305277		114.994	0.661276 0 0.901204	95.722	0.651047 0 0.0718917	134	0.830283 0 0.538662	145	0.576772 0 1.08247	
0.092	0.724411 0 1.40664	20.3296 0 0.695724	10	1.33227e-14	514.544 2.84217e-11 2.84217e-11 79.9952	0.727445 0 1.82184		332.759	0.80481 0 0.00399965		68.9952	0.761059 0 0.306048		114.995	0.681654 0 0.901973	96.2365	0.671448 0 0.0726607	134	0.850671 0 0.539436	145	0.597146 0 1.08324	
0.093	0.744741 0 1.40734	20.3296 0 0.685724	10	-6.92779e-14	522.3 -2.84217e-11 0 79.9969	0.747798 0 1.8226		332.238	0.824589 0 0.00355031		68.9969	0.78146 0 0.30681		114.997	0.702036 0 0.902733	96.7588	0.691855 0 0.0734201	134	0.871064 0 0.540201	145	0.617522 0 1.084	
0.094	0.76507 0 1.40802	20.3296 0 0.675724	10	1.33227e-14	529.837 0 0 79.999	0.76815 0 1.82335		331.71	0.844354 0 0.0030804		68.999	0.801866 0 0.307563		114.999	0.722421 0 0.903483	97.2887	0.71227 0 0.0741699	134	0.891462 0 0.540957	145	0.637901 0 1.08475	
0.095	0.7854 0 1.40869	20.3296 0 0.665724	10	4.52971e-14	537.156 0 0 80.0013	0.788502 0 1.82409		331.175	0.864107 0 0.00259072		69.0013	0.822279 0 0.308307		115.001	0.74281 0 0.904224	97.8258	0.732692 0 0.0749101	134	0.911866 0 0.541704	145	0.658283 0 1.08548	
0.096	0.805729 0 1.40935	20.3296 0 0.655724	10	2.93099e-14	544.257 0 0 80.0038	0.808853 0 1.82483		330.634	0.883847 0 0.00208209		69.0038	0.842698 0 0.309042		115.004	0.763203 0 0.904955	98.3701	0.753121 0 0.0756406	134	0.932274 0 0.542443	145	0.678667 0 1.08621	
0.097	0.826059 0 1.41	20.3296 0 0.645724	10	-2.30926e-14	551.139 5.68434e-11 2.84217e-11 80.0067	0.829204 0 1.82555		330.085	0.903574 0 0.00155529		69.0067	0.863123 0 0.309767		115.007	0.783598 0 0.905676	98.9212	0.773558 0 0.0763614	134	0.952688 0 0.543173	145	0.699054 0 1.08693	
0.098	0.846388 0 1.41064	20.3296 0 0.635724	10	7.10543e-15	557.803 -5.68434e-11 -2.84217e-11 80.0098	0.849553 0 1.82626		329.531	0.923288 0 0.00101115		69.0098	0.883555 0 0.310483		115.01	0.803998 0 0.906388	99.479	0.794003 0 0.0770725	134	0.973107 0 0.543893	145	0.719443 0 1.08763	
0.099	0.866718 0 1.41127	20.3296 0 0.625724	10	-6.66134e-14	564.248 0 0 80.0131	0.869902 0 1.82697		328.97	0.942989 0 0.000450457		69.0131	0.903993 0 0.311189		115.013	0.824401 0 0.907089	100.043	0.814455 0 0.0777737	134	0.993531 0 0.544605	145	0.739836 0 1.08833	
0.1	0.90681 0 1.41293	59.8539 0 2.69378	39578.4	-52.6703	570.475 0 0 79.2222	0.915778 0 1.82862		327.608	0.96285 0 6.93889e-17		68.2222	0.928941 0 0.312513		114.222	0.857583 0 0.909455	100.614	0.836189 0 0.0803554	134	1.02169 0 0.54467	145	0.775527 0 1.09185	
